100
1000
29540 24140 31015
18003 13386 7648
27357 14876 28525
21820 1464 13567
29096 30242 11137
11378 18983 17503
31972 14911 30747
7338 5318 14984
8370 8912 3544
2825 24902 6926
1644 20382 4565
29374 5768 24581
2993 15415 27705
17124 18552 8686
554 23054 27975
5345 9333 9218
5675 14901 14265
14005 30168 23581
30317 22417 7582
25087 6260 21693
408 5074 6385
927 3367 11467
3676 2207 23454
312 18646 19502
26943 15276 10937
16647 20583 30044
28532 24501 26373
11721 21654 31574
20560 26015 22824
21406 22202 24797
1856 2079 8735
21559 31699 20679
7747 441 8395
8106 9595 2220
19801 4097 17322
27837 16525 18035
9583 6236 10788
9876 1949 24163
13729 428 15084
16120 19359 8889
4078 29620 32101
23479 16196 1797
20155 30750 8721
31440 20988 14509
20143 16987 19053
15462 28065 4971
18637 31450 23241
21161 30253 13222
26331 8010 258
30526 19730 16879
24697 11497 12578
714 25098 14861
14701 11011 13648
11949 6521 13658
27160 6960 8354
29197 5304 29540
8460 8700 3234
8898 17116 19723
31032 13812 6056
22472 8418 15764
555 7246 11870
20023 17982 2665
24664 16810 21764
4858 22331 7547
10596 25245 30022
17083 18620 12170
1250 19203 15315
7865 6451 14005
5136 1098 23789
20612 20714 803
17257 27191 14752
20443 20472 22185
32554 6871 26487
17685 14959 26034
24611 24976 6840
18402 17327 24279
22629 26265 30612
19787 16351 9194
16297 25402 26829
18733 20211 6752
28043 12452 23230
18094 14039 12895
25580 2634 12238
22620 10894 19158
30232 7667 32689
3061 23135 15985
27002 21259 17669
22276 19830 30789
21270 24535 5419
2266 16251 16509
243 7824 27761
915 7434 20609
8506 28065 3301
8479 20498 31554
8389 3446 30821
2693 27021 8625
31039 13202 16080
14048 26628 5265
27439 15864 16225
5319 29410 15387
31362 25346 10388
23578 28806 13112
1140 14649 1072
32619 29065 18226
31711 20431 1349
31612 5568 20015
21854 7116 11330
10381 24537 21981
32458 1801 14696
1133 29353 6404
30197 17800 24651
32132 32639 17928
16560 2778 20261
26205 20256 14723
15488 7306 29467
13901 22326 14192
1680 24506 32460
26447 19535 12969
11452 12170 10943
27187 9416 9642
32468 22228 32653
8614 6972 12491
17243 17250 18393
27075 32580 29045
21876 16818 7283
13615 6576 8962
22976 6107 26428
2543 9601 25921
22093 31536 18850
30575 29004 19929
7672 28601 6603
19584 13522 255
14782 29086 13777
12078 5352 17209
23290 10249 20115
4544 17418 6442
30596 7735 5129
10051 14382 27539
3362 27306 27430
16232 7858 5397
15319 5569 6559
9378 7543 3151
32491 18458 11834
2247 7305 22646
23237 7813 27759
2978 21989 30581
27116 17538 14465
17459 20796 9267
24013 30577 32090
16531 20417 20634
22549 9219 22474
31156 4198 31339
1983 15499 2817
3967 20246 4876
16682 577 28760
5871 458 20935
27346 5273 18626
10047 11406 17728
8319 304 8321
29776 16846 9219
27910 5133 26098
29633 30347 1402
32501 6942 31370
6010 19003 9143
22204 310 29021
25496 20617 23486
11572 25601 28866
24307 7987 9578
18322 26020 21754
25796 11442 31991
10793 17922 20445
779 31858 2008
11652 6363 26099
9410 15298 27494
29122 1353 25490
6157 32457 10114
6720 12348 17620
24535 12061 8268
12264 5897 8567
32168 1495 10614
4808 47 2577
19352 10542 10970
5053 6095 30235
26527 18952 10592
13646 6805 31421
26813 30722 28760
16151 27911 4197
27567 25299 5841
20811 30316 16776
18471 30244 31124
3643 24014 18219
16576 14638 19918
19937 11459 26618
3886 11706 31117
13277 12031 29974
6992 8789 13980
31346 30433 3054
18223 6624 31072
25944 3703 26292
21275 7868 30921
9601 22960 3408
17493 8772 21874
4906 22955 14046
15886 31058 3454
5576 10863 12314
12199 11522 30686
27058 2924 13644
27758 17143 15619
16793 22679 28300
82 25281 31777
5676 23801 13174
12867 26174 21394
24697 10509 30634
28727 269 10243
3052 26181 21421
10763 20327 6496
13050 20105 5627
14264 22263 26056
17881 18826 13944
7324 25750 23017
7384 2885 31359
7358 18411 11159
16429 13838 8755
31320 19033 1659
27991 18410 10225
8462 28880 31785
9834 20019 230
20887 12377 16389
29147 19383 31293
23500 19302 27830
29087 15556 20579
28240 8798 21537
11976 498 1604
19023 27611 23580
29404 1406 24738
3850 6536 31070
23195 30867 19918
9255 13486 18257
1523 23773 31840
23298 18891 22226
30537 1070 975
32364 7368 26379
26736 4904 22517
1437 26539 8927
9687 13601 23774
19017 25560 684
28890 24255 25205
19216 25145 25925
4154 2559 10226
31431 20718 9331
8746 4515 21771
12876 19789 10344
1393 2875 11102
24029 22362 6880
22411 1606 7313
16431 30725 9698
9183 15384 526
29880 15814 29543
1108 20372 31090
2025 27517 14924
11757 3280 29955
22343 9106 23128
17474 30784 29124
17579 19919 11336
25824 14850 3340
28426 111 3086
14329 23891 29089
26774 25933 4818
1527 17761 22726
5404 31295 17238
27069 28658 13765
19682 14333 26311
17864 29594 8917
24445 11563 20770
13932 27248 23661
28493 853 2997
26075 31621 5219
10660 16900 18798
30399 17555 14446
26822 2103 23525
16519 21136 32729
9284 28382 29041
25793 29482 17043
2394 26415 934
26381 16999 20445
30813 15850 23303
31119 16079 17724
17758 2283 14299
11762 13287 22155
18821 13972 22878
16209 15864 7732
24541 20218 5063
17313 23365 30966
9080 17629 15071
21367 15939 13009
32323 2249 10775
11584 12665 29409
7902 31482 29791
5432 10498 29266
4426 26842 5424
17873 26352 11961
18780 2348 10630
15432 12037 628
16165 30277 4794
7053 15218 28118
7389 2017 15998
21464 18343 29269
15083 13940 30316
18301 26449 15603
4640 28683 24287
21971 20251 3982
13638 2842 25
7001 466 28906
6789 24000 9690
25174 20471 14731
21083 116 24827
16804 4320 10163
3348 30995 21413
20335 17408 20268
20731 1987 31806
11271 11758 2463
21198 8497 15398
3354 22584 4769
20235 23049 11983
27630 27693 18128
24119 13759 23266
6520 37 8066
22321 32514 10854
20833 27630 3323
14883 6769 14375
337 25699 20269
9151 13413 12241
27684 18265 29025
15296 20718 2935
10444 30828 10084
17123 12636 13442
19217 17487 2827
9187 17635 18232
22636 17317 12070
2064 576 16219
5555 30619 14661
15255 9829 31130
19022 10669 17869
30375 30872 2233
23591 17760 21084
14307 28300 11975
13217 15841 22633
4585 27476 10686
14639 27326 13978
28890 27212 16465
1637 28211 4443
15904 17222 26338
8855 31942 898
14313 26518 15831
26471 4395 24116
7948 4064 25020
973 2208 25416
22875 24751 23289
5244 9021 26574
8075 8244 15885
32442 16634 13459
5424 16847 3710
14076 16205 22699
3724 23592 1549
28390 25779 1653
6943 9469 20164
24193 7808 3470
32053 23032 23033
2763 19143 9386
21993 8233 5991
8161 11076 3160
19026 27633 14044
16248 16253 12304
4575 394 9268
5224 29601 23844
1793 8811 24732
8809 7887 32615
19126 5689 3407
13658 1730 8613
8347 32263 15176
5542 22554 17481
11401 22286 12451
20392 2494 1726
31717 20010 8097
31258 18182 12395
5166 6074 5258
3056 4011 27746
28023 30649 30438
3125 3510 5909
6846 5157 12221
18107 228 24494
15211 8213 10723
18116 23603 18143
30814 30730 17021
13553 7577 17220
5193 30809 12092
26639 20758 6061
19027 15568 11522
4256 26520 16874
10034 9426 17653
30004 24436 26861
2117 31146 28451
18925 32603 26466
18764 31935 8517
22466 26126 3086
13521 497 15687
30810 16465 31627
21613 7754 9884
29081 25529 22339
5461 28096 22155
2105 10352 31672
11018 4805 26353
17152 29962 23672
31991 26832 2100
24688 22266 20048
3424 32552 593
32519 1862 148
30455 25494 2646
31854 11918 3238
11236 7371 11428
10783 27784 28401
23606 666 8645
13932 26226 32538
8936 30303 26305
7926 15667 9497
8197 26650 13115
15848 5919 10096
19343 9522 14005
5528 12954 4801
24626 13279 13259
30303 3598 30063
3571 2723 27471
2243 26350 2570
1104 21854 8837
14921 29889 445
8339 16866 14063
5514 9831 31734
30789 3090 30570
15962 5907 27385
24833 17901 11663
12588 15797 15656
19994 12824 13202
4342 21700 12570
12748 1990 29201
20790 29097 20191
21246 11531 32410
29172 2623 11014
2475 28921 7883
25047 3102 26677
25498 8481 32083
32407 31917 29302
8172 3661 13648
9858 10798 15251
2972 17030 19881
28105 5439 25097
25115 24265 8576
24778 14226 13431
15485 24824 21457
22682 30647 421
7925 746 7121
22905 17240 10601
10133 2467 17590
19191 16440 32021
4750 18465 30431
10225 6603 15931
1889 23358 6564
6318 29775 224
16321 19602 9266
21447 20383 29312
25619 26726 22837
12961 29505 6503
17112 14091 31822
11421 10844 6222
8027 17466 24956
30793 29077 28738
2427 16195 5632
29759 4620 12087
21364 5431 8048
16750 19429 987
7134 595 14567
14081 30759 24452
20848 19028 24474
7205 15584 13642
25381 24441 14144
28247 24510 4531
19143 20065 9217
31497 17059 18547
6427 22795 15094
18869 29414 24115
29214 21916 11093
20413 16185 12894
19731 13752 20968
14761 20839 20830
8020 8596 5467
19873 8303 20950
10781 24070 17789
6453 1189 16310
17106 22338 20632
20691 6877 28228
27245 12808 2405
4466 17614 9828
13331 17253 15681
9576 17457 6348
9223 21342 19889
4962 31556 21485
10097 10525 12641
10987 6333 19368
23215 8050 22
1044 11853 21814
22321 30411 19019
4117 14403 25541
783 22000 18556
30462 16888 25274
11217 32039 14146
8910 26111 20635
25386 10118 19661
4758 14930 18953
28561 1185 26982
28772 6133 5713
31744 10461 18427
31537 27337 3971
22847 23805 21730
12810 8573 32273
26754 26070 16466
24608 16096 17494
31303 17193 12115
16787 17675 4263
23991 4361 26880
1801 2068 19637
23545 14689 22394
4719 14659 14176
14383 2938 31458
29058 32013 4698
22556 11654 21029
27365 27964 7969
17064 16541 4240
30963 22024 24381
30900 2490 2138
22930 6162 14790
8703 4748 20906
31917 12931 23701
27407 2879 12997
8993 24498 31164
4696 21127 31075
32325 13354 29199
21013 31633 7779
9292 8930 9185
24976 428 1103
18486 31489 333
976 10177 13935
25618 12943 21403
21219 22007 4457
31414 28370 14753
32313 12820 32653
21050 1626 3382
22489 16251 16999
6872 473 10
8005 6619 28725
28167 14436 31363
19061 27105 10049
32738 22702 10095
27696 5524 21089
20796 21592 11693
5280 30242 255
15088 882 29978
29704 6978 6777
23378 17849 1630
28882 26752 26562
21705 13373 11639
6523 13065 24446
30967 29038 5394
12291 1738 8213
32257 7878 9484
20453 28684 24693
17355 18059 6329
12497 8912 11125
3407 27988 4539
6036 11146 17174
30294 21088 29331
29681 3363 24605
26671 30435 6199
17757 24119 30645
28747 9159 11336
31194 11281 5142
12731 8858 20932
24933 13272 28272
18179 2473 27718
21936 29407 10111
23494 9324 17971
10536 13602 2457
7732 30929 29791
8558 13640 31256
30266 32525 5660
205 9171 31077
17648 9461 1699
16215 4918 6165
22707 30487 20828
24493 25872 27862
21222 6402 19578
5278 30911 10784
604 25469 13777
1056 5633 17381
16851 23207 7172
10579 28258 29871
19464 1839 21076
31370 9898 12019
16201 25891 14260
22928 13698 29320
18579 24590 18935
17317 5900 26482
12963 1874 25642
996 27939 22161
28539 5905 13183
9744 12924 28111
13128 28918 28753
24831 15075 220
28089 32184 20772
30488 25922 30882
27423 31554 3001
28831 13370 13041
14565 17585 7303
26310 2165 280
8529 30892 1846
10170 1013 3933
16521 22472 25331
6953 16405 6303
26949 6131 23481
19436 2032 12412
22980 2836 28120
9956 18281 29651
12760 9837 4973
10275 25362 25219
16675 1375 29572
9977 18330 22184
12509 15766 28949
1672 16270 19664
20155 5077 19491
5079 5264 19928
26324 10197 29092
7087 15703 5748
14475 21232 9977
4514 27660 24975
14061 2193 1053
20226 18660 20993
32528 22690 15326
19393 4871 11605
20287 4979 5037
3178 22053 15505
24616 19396 13561
10157 27977 2363
23876 24317 16390
2879 15300 7190
27691 5310 19648
23288 27468 12360
19096 7755 24574
13938 10912 18664
6471 4984 23598
12443 27218 4134
32242 20007 10855
8696 32134 11915
28955 1664 21830
2436 25284 11784
23650 8531 8496
14713 23858 20416
13463 3963 26057
25695 205 19678
1740 14354 6844
5177 29829 6607
4626 208 15923
30884 823 16571
4004 28408 1410
6725 12550 4883
18860 24723 14587
12513 31877 7046
9451 20722 16869
26337 19358 12486
23526 19631 24074
4168 21072 7903
27241 30872 11861
5170 5519 24589
7807 11351 32379
20347 5862 8020
44 27825 16806
23591 17846 3654
21392 23213 25748
15510 6432 17604
28992 17415 20399
15020 16897 15505
7914 14004 21508
10877 18051 21522
1711 7276 21543
32018 8498 27292
30127 17523 22111
31591 15258 28173
15035 12556 24507
27320 24789 25778
25647 19306 4054
4778 7826 28575
18522 7157 882
29438 2942 16646
17924 7737 6202
14792 8214 24373
4850 3811 22085
3179 19271 6204
19568 30606 5171
17594 15981 4973
25173 3920 28922
12572 9353 17720
28406 6222 2748
380 9937 32518
12031 443 31809
9327 21721 14378
8758 4871 13026
16089 20753 19971
31373 4152 11536
28144 4678 10457
28941 28822 13757
30327 12649 16417
28801 14392 19267
13699 9936 13359
21485 6676 8366
26149 7328 27771
19252 2969 7790
27858 9259 12549
25209 13317 985
9315 14947 23163
14619 28912 23813
29177 11188 18480
15204 22211 30949
31794 8672 7172
15934 28437 31151
5999 1715 7115
16010 20519 3570
7197 31910 21724
19956 20463 27366
15671 2770 2502
30031 23161 20699
25735 19388 23391
6371 9858 18643
26440 1757 21934
17719 29849 30381
24886 11007 24161
19255 1077 23912
32057 13244 17854
18630 18287 23398
14880 11969 15459
14113 26984 701
7984 26029 32551
27290 17551 22001
10101 14238 30713
10131 15669 27567
15372 31173 11675
7878 27184 7266
13548 22688 30074
22329 22661 12983
21713 15273 16927
22128 22607 13422
24657 11158 28137
18362 28758 19207
6483 16263 21777
2477 8990 11308
24398 12208 17188
29999 27467 12266
18981 27739 30583
29596 3762 5906
6265 3679 8522
8676 28276 28253
3012 12896 32650
23744 8172 2857
7071 25195 6513
13901 11615 25832
5887 10707 7298
4002 11944 6803
9550 23893 8584
29003 18782 21954
29353 5614 15779
21415 25892 1343
31144 26350 9609
25759 19482 10021
8833 2083 6279
2606 22706 7914
8806 4920 5603
31150 2392 28142
30561 8088 23213
18925 10145 9561
23594 2684 7974
31350 29705 7799
27813 8419 21058
5261 18536 724
16137 16300 30448
23248 12952 32696
16094 25095 6702
643 30228 14565
28248 4346 27159
15847 32367 15516
10167 18094 5474
305 26099 28498
23477 11960 6167
29688 6858 12193
27431 18599 17760
32572 12928 25431
26969 25714 1981
27723 28352 17587
8664 18593 18442
9007 10129 13096
30620 8265 276
22385 3726 3400
27862 9001 2223
26704 23488 16805
10697 21650 22671
30143 16422 25279
32379 17889 28754
15810 17174 11871
28195 4014 6008
19978 18167 13045
9369 16642 8509
988 9982 7627
5431 26155 11672
18595 765 21289
16361 4371 2502
967 12136 19909
1123 2844 6183
27285 12044 29969
21683 7402 23135
15710 26939 12871
20390 12981 10741
11549 19033 6716
8382 9188 10980
10049 30209 5737
18089 6954 24793
11626 31049 8618
25210 6240 23327
15675 20685 32156
16654 22472 29786
12437 27005 19369
15723 8833 31391
30933 21614 16674
13816 14931 2460
14307 1309 20466
26584 18211 17339
4154 28378 9681
27354 30370 14476
8505 355 25092
3508 28445 30176
5965 11732 26120
17796 23673 20046
4063 5227 16319
5324 19129 6946
24328 4319 27632
3434 17318 30951
6521 24121 9795
11826 19824 1282
12055 19560 14327
10294 1631 18470
29505 20747 18698
24809 15850 3196
13749 27182 12170
7569 9689 12247
7049 9440 10051
31185 5685 24916
18885 29428 20497
28205 29996 30506
15216 8776 23409
3284 12355 29857
23348 3433 560
2582 26213 16736
15588 20590 16709
29521 31401 19097
11661 15959 2363
29241 21996 7096
20695 21090 3511
29640 12694 16286
14557 13834 19193
20789 28697 15513
25029 32683 13675
32454 22545 3209
19656 22275 27549
5985 3345 24576
11877 1036 15682
11539 28022 5686
20972 25053 31233
26141 7909 27947
2222 4757 20797
27418 6962 21584
17781 29311 10276
22108 3564 20869
29964 30701 15770
32152 22206 23389
19200 14978 19430
26225 8031 15572
9699 6110 9769
19336 13273 22027
28853 9444 9217
6937 16950 10914
3908 8737 6126
6477 25353 31164
415 20206 7499
8137 24131 25832
3822 2666 20732
8481 6227 16976
590 610 5162
29241 396 27649
25735 4022 23184
13501 22072 306
13231 7401 20055
25904 2029 28621
30235 24276 20844
21577 22771 2981
14379 4283 10454
1681 6381 17955
7380 7218 30838
26245 7666 5199
14077 27279 13876
13478 6111 2684
30203 24808 29073
32312 17297 31750
6616 2245 18691
28331 25148 21213
29743 30473 14522
22745 15645 9689
16569 28625 9875
11421 30783 9733
11491 24873 15717
635 5896 6753
18440 26602 24049
19012 27586 7895
7709 31018 13848
19198 18280 1609
15605 20467 32549
20862 12632 26889
26732 12875 2633
30835 18101 24604
23569 20905 11942
12238 12202 782
14634 19057 28277
25295 27843 16717
13867 25358 20769
8996 10518 28992
24819 30391 3713
25811 19965 16011
22381 16660 19307
27117 23429 20049
21093 22324 25172
20026 5347 19270
19638 20365 4803
606 29324 25843
1305 15884 2228
17189 5062 29821
9017 2642 2380
1276 10182 16069
30944 5561 17505
13507 2753 32457
15957 29618 25289
26223 11632 21633
21825 29338 30575
24387 24058 13230
8119 11293 3481
11399 16198 19299
24883 7100 14568
30974 14362 27168
32174 7953 23542
25231 30108 27612
20247 5863 24738
32480 21769 5716
17358 28995 26985
22737 14015 15735
6392 1003 9565
18967 28910 27848
22983 7185 30865
31593 25229 29706
26885 21292 10528
23294 5990 25749
19590 25127 17684
19533 5202 6689
19022 9067 4052
1355 20227 9459
13709 2416 1508
19612 5861 9383
7614 21207 31777
26999 23815 10764
31887 1599 7095
24871 26371 23509
3929 3923 3719
26478 7521 11525
20303 958 10176
32317 24555 17760
1974 29193 17088
30327 10983 6986
27577 30102 1714
9914 28218 31709
21950 29230 18262
3685 21461 10521
6209 7903 27638
2642 25864 8055
3237 15127 11135
3583 5766 19281
26235 14921 6442
20249 20802 19412
21033 12668 32576
19115 8817 9339
