1
82
0 1 91
1 2 13
2 3 92
0 4 64
1 5 10
3 6 28
1 7 55
7 8 96
8 9 97
9 10 16
7 11 98
11 12 96
1 13 49
11 14 81
4 15 15
0 16 43
1 17 92
11 18 80
16 19 96
10 20 66
16 21 4
7 22 85
4 23 94
16 24 68
9 25 76
19 26 75
12 27 40
11 28 66
5 29 18
9 30 71
24 31 4
10 32 28
28 33 5
5 34 10
34 35 83
29 36 70
4 37 32
29 38 96
19 39 4
26 40 44
5 41 39
8 42 77
2 43 80
1 44 19
18 45 49
21 46 45
22 47 65
38 48 71
45 49 76
40 50 28
35 51 68
0 52 66
37 53 17
34 54 12
25 55 50
43 56 96
32 57 35
50 58 59
47 59 23
1 60 76
50 61 26
50 62 51
59 63 70
26 64 90
27 65 96
38 66 55
10 67 14
51 68 15
15 69 26
56 70 85
70 71 26
23 72 82
21 73 25
1 74 93
16 75 35
68 76 20
65 77 26
74 78 62
61 79 48
78 80 36
5 81 84
